985
0
145
0
120
0
201
3
960
0
920
0
960
3
720
0
665
3
736
3
736
3
800
3
80
3
385
3
25
0
425
0
600
0
24
3
960
3
80
3
880
3
585
0
760
0
320
3
680
3
641
0
720
3
440
3
161
3
920
0
856
3
305
0
840
3
545
0
640
3
361
3
905
3
241
0
561
3
585
3
544
0
649
0
776
0
120
0
745
0
425
0
921
3
776
3
600
0
545
0
416
0
56
0
280
0
545
3
305
3
136
3
985
3
680
3
145
3
81
3
520
3
440
0
65
3
225
0
440
3
664
0
136
0
689
0
681
3
840
0
209
3
920
0
505
0
920
0
360
3
864
3
521
3
985
3
545
0
1
3
865
0
665
0
289
0
465
3
441
3
905
0
720
0
681
3
961
0
104
3
136
3
440
0
185
3
705
3
905
0
625
3
985
3
841
0
136
0
760
3
89
0
81
0
176
3
936
3
824
0
880
3
985
3
240
0
505
0
760
3
976
3
785
3
161
0
505
3
0
0
41
3
265
3
520
0
184
3
441
3
200
3
616
0
856
3
865
3
81
3
616
0
945
3
360
0
345
0
400
3
840
3
960
3
305
3
785
0
665
0
441
3
720
0
560
3
345
0
360
0
840
3
920
0
256
0
144
3
505
3
120
0
880
0
80
3
64
0
785
3
784
3
465
0
120
3
440
0
545
3
841
0
145
3
880
3
960
3
600
3
16
3
80
3
105
3
385
3
865
3
544
0
481
0
640
3
40
3
169
3
736
0
265
0
161
0
960
0
840
3
825
0
825
0
801
0
600
0
760
3
0
3
505
3
656
3
465
3
136
0
681
0
360
0
160
0
880
3
560
0
176
0
200
0
920
0
880
0
120
3
665
0
400
0
569
0
704
3
265
3
560
3
80
0
64
0
705
0
481
3
440
3
425
3
320
0
65
3
80
3
776
3
745
3
545
0
120
0
465
0
496
3
160
3
24
0
216
0
265
3
360
3
225
0
705
0
664
3
449
3
761
0
65
3
24
0
760
3
289
0
961
0
169
0
480
3
944
0
185
3
616
0
305
0
984
0
705
0
816
0
824
3
144
3
256
3
905
3
776
0
849
0
65
0
185
0
400
3
40
0
344
3
865
3
825
0
305
0
560
0
840
0
465
3
16
3
169
3
585
0
385
0
600
0
465
3
640
0
0
0
296
0
929
0
856
3
144
3
265
3
809
0
25
0
400
3
640
3
505
3
24
3
720
0
240
0
785
3
760
0
625
0
241
3
360
0
0
0
480
3
585
0
25
0
320
0
984
3
520
0
889
0
385
3
816
0
40
3
520
0
336
0
9
0
880
0
696
3
825
3
960
3
664
3
25
0
520
3
681
3
321
0
360
3
225
0
945
0
305
0
929
3
505
3
905
3
569
3
200
3
376
0
129
3
641
3
296
0
520
3
120
3
664
0
361
0
664
0
281
0
240
3
585
0
240
0
776
0
585
0
120
0
305
3
601
3
281
0
264
3
465
0
864
3
376
0
176
3
744
0
145
3
129
3
160
0
665
3
720
0
520
0
25
0
320
0
480
0
480
3
241
0
625
3
616
0
904
3
705
3
225
0
680
0
160
3
25
0
824
3
440
3
184
0
489
3
720
0
345
0
280
3
809
3
961
0
880
0
936
0
785
0
985
0
161
3
361
0
409
0
864
3
369
0
816
0
80
0
345
0
840
3
704
0
25
3
496
0
41
3
545
0
616
0
296
0
880
3
281
3
440
3
305
0
704
0
960
0
200
0
545
3
945
0
560
0
200
0
520
0
369
3
880
0
321
0
464
0
81
3
185
3
96
3
129
3
824
0
720
0
569
3
761
0
649
0
920
0
81
0
465
3
545
0
880
3
425
0
121
3
665
3
320
0
409
0
905
0
185
3
624
3
256
3
665
3
520
3
305
3
704
3
209
0
561
3
289
0
720
0
529
0
521
0
905
0
600
3
976
0
520
0
0
0
825
0
345
0
305
0
601
3
105
0
289
3
280
0
504
0
521
3
760
3
440
3
105
3
584
0
241
0
880
0
665
3
160
0
520
3
400
0
256
0
561
0
0
3
160
3
16
0
440
0
416
0
456
3
536
3
600
0
400
3
209
3
129
0
809
3
985
3
905
0
209
3
825
0
336
3
865
0
664
3
65
3
481
3
425
0
880
0
544
0
65
0
656
0
920
3
216
3
505
0
705
0
921
3
800
3
361
3
440
3
41
0
465
0
545
0
760
0
376
0
745
0
681
3
249
3
504
3
681
0
201
0
424
0
745
0
825
3
416
0
720
0
265
0
945
0
9
0
496
0
729
0
440
3
665
3
400
0
689
0
520
0
280
0
161
0
440
3
640
0
520
0
921
3
441
0
545
3
224
3
64
3
880
0
569
3
545
3
129
3
216
3
856
0
585
0
880
3
481
0
256
0
105
0
705
3
0
3
705
3
920
3
600
0
600
3
520
0
689
3
600
0
785
0
745
0
489
0
825
0
760
0
480
0
81
3
729
0
345
3
440
3
496
0
0
0
944
3
0
3
264
0
329
0
200
0
585
3
929
0
281
3
200
0
24
0
9
3
185
3
16
3
856
0
201
3
185
3
896
3
865
3
361
0
80
3
600
3
880
0
680
3
241
0
616
3
440
0
256
3
801
3
256
3
800
0
25
0
920
3
80
3
265
3
521
3
800
0
105
0
856
3
745
0
1
3
520
0
809
0
25
0
280
3
616
0
825
3
609
3
136
3
305
3
505
0
256
3
105
0
249
3
889
3
265
0
329
0
896
0
976
0
225
0
440
0
585
3
800
0
345
3
961
0
24
3
225
0
56
3
920
0
104
3
649
3
625
0
105
0
240
3
440
0
545
3
480
0
520
3
169
3
360
0
185
3
936
3
801
3
456
3
681
3
784
0
425
3
729
0
280
0
624
0
600
0
649
0
625
0
785
0
985
0
160
0
121
0
960
3
456
0
920
0
161
3
569
0
625
3
385
3
625
0
721
0
945
0
120
3
984
0
601
3
0
0
400
3
320
0
161
3
656
3
800
3
200
3
289
3
585
0
240
0
825
0
105
3
480
0
640
0
0
0
665
0
24
3
704
0
616
0
865
3
345
3
809
3
936
3
665
0
336
3
960
3
9
0
56
3
9
3
465
3
280
0
544
0
544
3
545
3
104
0
40
3
305
3
0
0
65
3
280
3
25
3
329
3
240
0
561
3
304
3
144
0
825
0
105
3
465
3
505
0
849
3
184
3
985
0
560
0
161
3
360
3
800
0
656
3
616
3
416
0
609
0
616
0
801
0
680
0
825
0
905
0
745
3
640
3
320
3
41
0
400
3
576
0
920
3
529
0
865
0
865
3
529
0
481
3
785
0
80
3
80
0
409
3
665
3
425
0
641
3
521
3
64
0
304
0
145
3
936
0
0
3
385
0
145
0
545
3
505
3
840
0
929
3
969
3
225
0
280
0
401
3
505
3
800
0
145
3
1
3
824
3
440
0
96
3
720
3
25
3
769
3
936
0
560
3
345
3
936
0
945
0
161
0
280
3
720
0
920
3
696
0
809
3
600
3
0
3
560
3
416
0
136
0
745
3
840
3
640
3
785
0
800
0
49
3
616
0
785
3
305
0
40
3
896
3
281
3
305
0
760
0
864
0
480
3
520
3
656
0
504
3
520
3
760
3
505
3
216
3
929
0
329
0
265
3
960
3
536
3
241
0
145
3
89
0
305
0
840
3
625
0
576
3
65
0
976
0
665
3
705
3
769
0
105
3
840
3
321
0
200
0
825
0
425
3
400
3
440
0
656
3
25
3
80
3
25
3
544
0
944
3
480
3
705
0
385
3
1
0
40
0
640
0
25
3
81
0
145
3
800
3
265
3
665
3
80
0
985
3
425
0
0
0
160
3
521
3
145
0
200
3
425
0
585
0
600
0
865
3
385
3
585
0
840
0
505
3
64
0
425
3
640
3
409
3
376
0
345
3
304
0
849
3
25
3
401
3
936
3
720
0
945
3
105
3
25
3
945
0
0
3
824
3
801
3
736
3
616
3
185
3
40
3
400
3
545
0
0
3
961
0
769
0
904
0
169
0
440
3
720
0
544
0
745
0
505
0
801
3
961
0
769
0
585
3
849
0
920
0
305
0
169
0
64
3
145
3
481
3
1
3
905
3
160
3
0
0
185
3
360
0
265
0
25
3
65
3
576
3
585
3
769
3
424
0
320
0
345
0
584
3
769
0
640
0
216
0
640
0
809
3
720
3
105
0
0
3
160
3
416
3
745
0
681
0
585
0
240
3
800
3
625
0
80
3
385
3
440
0
240
3
504
0
265
3
504
3
40
0
160
0
905
3
736
3
760
3
584
0
465
0
561
0
360
3
169
3
761
0
496
3
496
3
705
0
360
3
480
0
720
3
640
0
265
0
705
3
545
0
416
3
161
3
160
3
880
3
385
3
816
0
264
3
0
3
865
0
625
3
865
0
