15316481

4

67109105

3

68548481

0

34916840

2

91636545

4

71370681

0

31638801

0

28232945

2

9598841

0

22870465

2

6862800

2

58851385

4

41066025

2

51257136

4

2520

3

77499641

0

70720

4

31942009

2

9188160

4

57305280

2

39698489

2

77800840

0

20952641

0

33882624

4

40172769

2

66715064

4

30532984

4

89129576

3

25900056

0

0

2

58340745

4

51456720

4

97441880

4

20952641

2

28232945

4

77385

4

57188201

2

35970809

3

52766176

3

945

0

74555081

4

31177360

4

71764441

0

94016105

3

84199769

3

5012145

0

62177120

0

76108504

3

26337280

4

28800800

4

6475969

0

6312081

2

3984625

4

15700785

4

4177665

2

90235625

4

51396929

0

58911160

3

13900280

3

66048640

0

47880

2

14204560

0

27525801

0

7905

4

70555945

2

49749001

2

51360960

0

6870320

3

52147560

0

17440785

0

19010889

4

49708329

4

63608904

2

75667080

0

35713369

2

67862625

0

70059961

3

1309264

4

78042065

2

38147640

3

26567464

0

16443609

0

1056160

2

91636545

3

71764441

4

44771449

2

13984256

0

50221080

2

58066089

3

97657544

0

39292561

3

21832369

0

35667345

0

11631241

2

55543840

3

77233265

0

30136240

4

63666856

4

60166216

0

624105

2

11691256

2

81614416

3

41598616

3

34263600

0

69157736

0

18667129

4

47070225

2

428281

2

872025

4

93181681

4

28800800

2

84700721

3

63484360

3

40331705

0

18040

0

4376841

3

54691689

2

23760

4

63589385

0

21538440

0

43186001

2

47070225

4

60282521

0

62321505

2

73970169

0

71478249

4

1548729

0

29712865

0

25243465

4

49040160

4

46927424

0

3771840

0

945

3

85183400

2

21261600

3

95790880

0

72915496

3

91945

0

6496

3

1498680

2

59482720

2

1845504

0

79629185

4

91302265

0

30136240

4

95707705

4

21247161

3

50737345

0

25243920

4

67918825

2

47070225

2

77372881

3

22128960

3

23460120

2

872025

2

16670825

2

23358401

2

53347040

0

22870465

0

91933145

0

73968920

3

18271825

2

61609840

0

4786505

0

2111809

0

10872225

4

76257025

0

2520

4

89428785

0

39076376

0

25122920

0

278409

0

16247361

3

13139505

2

97330305

0

71336880

0

45278944

2

5986536

4

56462440

4

30532984

0

5468121

0

45893705

0

1168361

3

4080384

4

15251544

0

1815744

2

6619240

0

20117784

4

24280641

0

32189425

4

39775505

0

23061065

2

34639865

4

36313200

4

1652145

2

92447584

4

85508601

0

22730176

3

27246240

0

30635800

0

17954145

0

23034825

3

11691256

2

93193560

0

9624720

0

12023649

3

90371705

3

27525801

0

47998761

0

53689440

4

86532185

0

9624720

2

18040

0

3616569

0

44434064

0

772560

3

82723065

4

49951009

2

38147640

0

63303785

4

78579240

4

57188201

2

77233265

3

37917840

0

95707705

2

77800840

4

51166849

0

19601769

2

12767225

3

39615921

2

34671824

4

70462945

4

5986536

4

1095849

4

1309264

0

68549976

2

90007904

3

20952641

2

74073000

0

23197600

0

50737345

4

67109105

0

91302265

0

95531800

2

2438424

3

52759009

0

47070225

3

59939360

0

7863345

4

93035704

4

7847241

0

79886976

4

30635800

0

9276985

3

71811440

2

66702969

3

8751440

3

15721200

0

450120

4

44296560

0

31177360

0

86363200

0

68548481

2

19791280

0

87889376

4

91302265

0

75935560

2

81873025

2

7863345

0

56752105

0

33973425

0

192465

2

97330305

3

66855456

0

11691256

3

42773696

4

77907825

3

33763945

2

624

3

53347040

0

10466760

0

99663825

0

42871520

0

55793105

3

39402280

0

16937305

2

57528480

3

56752105

3

81571745

4

86009505

2

57516145

3

77372881

0

68548481

0

41743665

3

29345345

2

6475969

3

96833345

2

95790880

0

63589385

0

772560

0

21379889

3

33763945

2

27525801

3

64449

3

75077856

3

58066089

3

77372881

0

29712865

3

62572865

0

98034120

2

180136

0

69823984

0

94459481

2

82007536

0

67109105

3

91460824

2

26882400

0

81421641

0

64213105

0

64169185

0

79648185

0

10466760

3

63484360

2

13040360

2

5327376

4

55810449

4

9504

4

10084369

3

6075936

0

28232945

0

66817760

3

51194160

4

14117176

3

70173521

3

20952641

3

53349776

0

14204560

4

81057944

2

39754905

2

92334784

0

31864200

0

64169185

3

76707505

4

70555945

4

32189425

0

98387720

3

12767225

2

43186001

0

53349776

2

11438280

4

21241680

3

2818569

2

38147640

4

36667760

0

75667080

2

306816

4

15700785

0

82007536

3

20934536

2

2171305

4

42328736

2

66926209

0

39615921

0

56540521

2

19791280

0

47020160

2

5012145

0

2649681

0

20672505

4

92334784

0

126321

0

22169945

0

95730920

0

54435225

0

9598841

0

52017224

3

31280680

3

43448985

2

33488385

2

83219360

3

41972425

2

14571744

3

33097216

3

6461385

0

8956696

3

1136520

0

84199769

4

21424640

0

61819065

0

16702880

0

13466440

4

20672505

4

7847241

0

11247465

0

38147640

0

8634600

2

3108105

2

50917281

0

87187960

0

3441361

0

33609305

3

34263600

0

11284320

3

98172105

0

35900289

4

7525104

4

28400241

4

11886344

3

90751465

2

18979825

3

76232480

0

14340480

0

57319216

2

91933145

4

1760065

0

23760

3

93006000

0

58340745

4

6331144

0

43800865

3

83909049

4

6461385

4

50463024

4

69823984

3

51456720

4

30814000

2

329616

3

76431264

2

94744089

4

15721200

4

20318129

4

5973456

0

23965080

2

15770664

2

52837785

4

36456985

2

5123664

0

3476104

0

22336960

0

45976161

2

82020896

2

29483600

0

70466865

0

3890376

2

70462945

3

45249720

2

91402609

3

70462945

0

70173521

0

87480025

0

4582249

4

21379889

0

43065

3

18201265

4

1872585

3

1930600

2

75752545

0

30814000

4

12767225

4

26769025

3

39292561

2

16267489

3

58851385

0

24694609

4

14875145

3

105

4

90235625

4

29483600

0

1872585

0

90785425

0

15251544

3

27201600

3

85550625

4

74508905

0

84485609

2

90235625

0

43673625

3

42871520

3

47493385

2

87872680

3

85067665

4

3355920

4

11886344

0

329616

0

13900280

2

7847241

2

8166081

0

19281400

0

51456720

4

40172769

4

33743240

0

43186001

2

33681185

2

33105944

0

945

0

18667129

0

88597705

4

8013760

0

66603520

0

36756120

4

63303785

0

18667129

3

27335585

4

13187480

2

25122920

4

23727049

0

1652145

2

12834745

3

48012064

2

84199769

0

76707505

3

44849880

4

90353585

0

44296560

3

73970169

3

34425

0

49040160

2

157080

0

52307344

0

63008505

0

77372881

0

624105

4

51363800

3

77499641

0

8320320

4

43800865

0

37589584

4

1449721

0

69823984

0

34671824

0

31187001

2

73821265

4

13253625

2

72050264

4

16689240

0

7568185

3

7424161

0

60389624

3

92406960

0

56095905

0

8013760

2

9898921

4

23460120

2

367024

3

624105

2

50221080

0

367024

0

26769025

2

79795489

2

1449721

3

89196865

2

23106545

0

71811440

4

14635321

0

30576

2

40718600

0

60644689

4

46396705

0

2061961

2

70173521

3

47493385

0

41972425

0

1355025

4

35490520

3

385

0

11886344

0

94950665

0

70555945

4

67951184

4

69388304

4

3189304

4

2949865

4

77985225

2

32324040

0

59939360

3

61230000

3

27477465

4

11058784

0

78579240

0

28800800

4

16247361

0

4276480

3

29763865

2

6475969

4

1056160

2

28800800

2

20672505

2

7188905

0

40617760

3

12767225

3

50917281

0

8794665

3

25194744

0

8751440

3

24403161

0

55341960

4

2171305

0

84166585

0

47493385

0

15485185

2

24403161

4

85508601

3

28638280

0

99578465

3

35083881

3

11886344

0

84199769

0

41066025

2

99578465

3

71946760

4

98011185

4

47692225

2

87889376

4

47169745

2

31280680

0

40718600

4

40331705

0

20117784

3

80473840

4

13845601

0

872025

2

64449

2

2818569

4

87715696

3

52759009

4

76270361

0

91460824

0

71328265

3

13253625

0

95707705

4

7714824

0

26337280

3

1178185

4

30539096

3

89886441

4

41972425

3

12628656

0

20958520

0

74858745

4

11886344

4

10146969

0

56621465

4

1815744

2

4793985

0

11826360

3

22428225

0

29351736

0

13898880

4

49089440

2

93184729

4

5327376

2

55543840

4

15316481

3

2649681

3

70462945

2

48693321

4

55543840

2

30366576

2

2061961

2

349920

0

18667129

2

53909209

4

3476104

3

73968920

2

38756680

0

41598616

0

57722280

0

9970840

3

91907160

2

27839201

0

9624720

4

12424785

3

15561

0

79326320

3

64449

0

78491721

0

25347569

0

13187480

0

67951184

0

39754905

0

76431264

0

31054409

0

27839201

2

11284320

2

52269425

2

30136240

0

496000

3

20318129

4

90785425

0

84894600

3

10084369

0

22730176

2

349920

0

496000

4

97657544

0

2872800

3

49058840

0

69924265

2

37589584

2

51360960

0

1872585

2

90235625

0

49951009

0

1760065

4

62167841

0

80944561

4

8081465

4

10084369

4

50846625

0

60063120

0

23197600

2

25930385

2

94016105

0

70462945

0

64193184

3

180136

0

9898921

2

12499680

4

2370585

3

68549976

2

52837785

0

43448985

0

12297560

0

18477481

3

43808705

0

88597705

4

87186225

0

36456985

3

86009505

0

89886441

4

52801120

4

32189425

0

6862800

4

6331144

3

48826201

4

87848640

2

82723065

3

12890040

4

33031936

3

90751465

3

53588681

0

63484360

3

90751465

0

544896

0

76257025

0

42883441

4

1136520

0

52837785

2

67951184

3

23034825

0

28831785

0

51456720

0

23102936

0

98011185

2

91402609

4

4080384

0

70720

0

37917840

0

30443985

0

25631280

0

62321505

0

74081920

0

43186001

0

49089440

4

95707705

0

81296145

2

56462440

0

70173521

0

76043336

3

8634600

3

5351640

0

11438280

0

93181681

4

95531800

2

3706360

0

85713240

4

93006000

4

78491721

0

91907160

4

35056921

0

30076944

4

46927424

4

18201265

3

90751465

3

77499641

3

33973425

3

54450600

3

19281400

0

10466760

0

3355920

3

1309264

0

26905425

2

36756120

0

51396929

2

97330305

3

55525784

0

90108585

2

75077856

2

45185745

4

92966049

2

99159560

0

75101865

4

6075936

4

10147169

0

90235625

0

91402609

2

95969520

0

98011185

0

16689240

2

60063120

0

26266665

4

13681521

2

93181681

0

9

4

40331705

2

91302265

3

6202665

0

10084369

0

83865984

2

2949865

4

16937305

0

15700785

0

62224281

0

58911160

0

75667080

0

97120296

0

18485121

2

75101865

3

96400345

4

77499641

0

29351736

4

8735480

2

44771449

2

77499641

4

11422960

0

57516145

2

46529785

0

11908425

0

19264400

3

15472825

4

2553720

2

2238705

4

12216320

4

9418864

4

19010889

4

36087409

2

25194744

0

61592416

0

6862800

0

7863345

0

77385

0

21424640

2

7424161

0

10146969

3

6075936

3

2665280

0

2553720

0

83909049

0

14564745

0

12499680

0

64821120

0

24040665

0

2797089

3

16196345

0

192465

3

9624720

3

94116065

3

84724800

2

56752105

2

93006000

3

27882425

3

57528480

0

71328265

2

83219360

0

60063120

0

2304016

4

53349776

2

42662144

0

91460824

0

56540521

2

0

0

42523016

0

90007904

3

23358401

0

13040360

4

2079760

3

59399880

4

11422960

3

87848640

2

67918825

0

6475969

0

87889376

2

81296145

3

117040

0

46561985

0

92334784

4

8735480

2

6475969

0

1709145

0

91402609

4

39557785

0

24403161

0

58109424

2

25243465

2

61933945

0

80895569

4

44849880

4

31280680

2

23197600

3

60315800

4

15721200

0

62267529

3

77233265

0

5351640

2

52017224

0

16247361

0

14564745

0

70466865

0

30136240

2

87025985

4

24694609

0

87872680

0

60166216

0

76707505

3

97120296

2

44848704

2

18244649

3

2553720

0

66048640

0

79885729

4

49951009

2

45249720

4

81571745

0

26430736

0

84485609

0

4582249

3

64785825

0

9276985

4

349920

4

11247465

3

92966049

4

46564000

4

76730544

0

21379889

2

3441361

0

27246240

2

46704945

0

26266665

4

3189304

0

4486625

0

11305

0

10274065

0

69924265

3

77907825

3

2649681

3

872096

4

57319216

0

42670616

2

14564745

2

44296560

0

624105

4

329616

2

74407185

0

26567464

2

349920

0

13681521

0

38753665

2

3984625

3

94744089

2

86363200

4

31714505

4

53709585

3

92334784

0

18343920

3

34489625

3

40862545

0

90353585

0

82574200

4

87126920

0

2370585

4

77800840

0

90751465

2

71811440

0

59399880

3

72505529

2

20934536

2

18765520

2

62167841

4

710640

3

63026560

4

54450600

0

77714305

3

47196864

4

59939360

2

39775505

0

47880

2

83865984

2

58066089

3

6331144

0

2115545

0

