85865865

0

94116065

4

13900280

4

41053816

4

62321505

4

17575640

2

50737345

2

15770664

0

10274065

0

19010889

3

77714305

2

52766176

4

11422960

4

1309264

3

31280680

3

58828241

0

5468121

0

20389104

3

14635321

3

62519545

0

15472825

0

37673081

2

15700785

2

81057944

4

60644689

4

43673625

0

68172289

0

35713369

2

6331144

4

5378305

0

8438200

2

54435225

2

71370681

0

61230000

0

50221080

0

10687776

4

16670825

4

45893705

0

22428225

0

3616569

0

95707705

4

39076376

0

1930600

4

21538440

4

11339249

0

46216456

0

71370681

0

311905

2

624

0

90108585

3

9970840

0

87126920

0

49951009

0

91302265

4

25631280

0

76232480

0

18214560

0

97921105

0

86532185

3

18879585

0

7423416

0

84700721

4

14340480

0

9276985

0

77800840

4

624105

3

2949865

0

16484929

3

73077849

0

31187001

2

15020265

4

28232945

4

58066089

4

30443985

3

57774024

3

6461385

0

98726304

0

81421641

4

1220856

4

3291785

0

68027745

0

76270361

4

98755920

3

6496

4

2111809

0

28638280

0

34639865

0

18765520

4

38753665

3

81421641

0

94807496

0

83219360

2

3441361

2

8634600

3

77233265

2

10147169

0

48826201

0

1168361

0

4178264

3

39754905

2

44296560

2

12297560

0

741169

3

79186680

4

15251544

3

1220856

0

84166585

2

24040665

3

2304016

0

9624720

2

66164120

0

8476489

4

4260385

3

59482720

3

27477465

0

89200080

4

58828241

0

12216320

0

1449721

0

91302265

2

94016105

4

55810449

0

9286704

0

36087409

3

83865984

0

6593400

4

54273040

0

89196865

4

71328265

4

59485281

0

13466440

4

8320320

4

79186680

2

2111809

0

53909209

0

31177360

0

2818569

0

53689440

4

1498680

0

72050264

0

5236825

4

12890040

2

91402609

0

24920049

2

50917281

4

36756120

2

77372881

3

50737345

2

74073000

0

71807160

4

2438424

4

46704945

4

3289

2

72915496

0

46762985

0

12424785

4

9898921

4

2665280

0

7000209

3

36254936

0

37148496

0

47070225

3

11247465

4

28400241

0

60166216

4

30738440

0

36456985

2

62224281

3

6202665

3

30635800

3

30136240

4

1922305

4

45731385

4

22169945

2

73077849

4

14791336

2

29763865

2

68172289

3

10466760

0

4793985

0

81873025

2

72050264

2

23727049

4

82007536

2

18765520

2

6312081

2

22128960

0

39076376

0

74308080

2

54450600

2

58109424

4

40718600

3

64245904

0

62224281

0

64169185

0

33097216

0

1309264

2

4793985

0

56621465

3

10147169

3

30443985

2

2304016

2

5378305

2

12628656

3

16247361

3

91460824

0

12424785

4

1872585

3

31864200

4

27525801

2

216

4

41385960

0

40617760

2

90371705

2

65143480

3

50123969

4

68548481

2

1449721

4

90353585

0

44848704

0

64837296

4

41743665

0

61230000

0

1922305

4

81296145

3

21424640

0

70113689

2

18145329

0

34639865

2

35490520

3

3890376

3

83909049

4

4260385

0

84894600

2

38756680

4

15700785

0

1989801

3

14340480

0

52899665

0

55810449

0

63164385

2

51251000

0

35056921

3

96724080

0

14118529

0

83865984

4

78579240

2

27477465

0

74555081

2

349920

0

22128960

2

98290400

3

18343920

2

17696224

2

23358401

0

80841520

4

14564745

0

14597729

2

62411896

0

82046601

4

33609305

0

87848640

4

3984625

4

11422960

3

13320

0

69924265

0

12834745

0

2370585

2

329616

4

54373745

3

83263400

4

9144121

2

81571745

4

56752105

4

74265864

4

85836760

3

26232345

0

77499641

0

84199769

3

205344

3

77907825

2

12297560

0

52837785

0

41053816

4

13320

0

18667129

2

98387720

4

36456985

0

90371705

3

45249720

4

66048640

0

48253000

4

82723065

2

1815744

4

51360960

4

2665280

4

9276985

0

9970840

4

12628656

2

58911160

3

46762985

0

29351736

0

55525784

0

329616

0

18667129

0

15959601

0

59482720

2

43774385

3

13187480

2

12424785

0

79186680

0

56589000

3

306816

4

7863345

0

13900280

3

19264400

4

13040360

0

16484929

2

60644689

0

91402609

4

27882425

2

41053816

2

14204560

4

3189304

2

98726304

3

6496

0

45306024

0

28686785

0

36212809

0

38857320

0

3616569

0

51396929

3

24424400

0

46529785

0

19791280

0

3348425

3

2675304

2

11631241

3

22169945

2

3797625

4

74508905

4

74308080

2

18244649

3

92957329

3

16267489

4

18477481

2

1989801

3

98172105

4

52269425

4

77114025

3

6248025

3

180136

0

60403896

4

21261600

3

77171320

0

7714824

3

39817000

2

26430736

2

7876665

4

24598960

0

7876665

0

51194160

0

6593400

3

70720

2

43186001

3

26905425

4

26567464

3

23877121

3

10084369

0

570505

2

23444680

0

19399280

2

58294160

4

98172105

3

12628656

0

26232345

0

92334784

2

24598960

4

24598960

3

26436025

0

1178185

0

19910080

2

7022384

2

329616

3

28232945

3

74073000

3

94362240

4

44940705

2

66715064

4

64837296

4

53588681

2

33763945

3

70920336

4

30814000

2

38683320

0

1449721

2

30076944

0

4557585

0

79326320

3

146329

3

95531800

0

67862625

0

58340745

0

65143480

0

20672505

0

80895569

0

25347569

0

42773696

2

8320320

2

30136240

0

18815145

3

18815145

2

82046601

2

3890376

2

2438424

3

30532984

0

71478249

0

49705625

4

96724080

0

23727049

0

8735480

2

47493385

3

15770664

3

5986536

2

44721585

3

16032040

0

3291785

0

37673081

4

90235625

2

59023505

2

20934536

4

96323865

2

906984

3

34671824

0

71946760

0

51360960

3

89196865

2

78491721

0

6075936

4

13040360

3

710640

0

37673081

0

22169945

0

46561985

0

18145329

4

5265

3

69185025

2

90007904

3

12834745

0

14340480

3

98290400

0

33105944

2

1095849

0

72505529

0

6496

0

73679480

0

18477481

2

13845601

3

25900056

3

44434064

0

2649681

0

7423416

0

2438424

0

98321905

2

29767209

0

79648185

3

59485281

0

4276480

0

168345

3

52211369

4

67853545

2

25631280

4

79648185

4

52837785

3

2050200

4

74508905

0

90371705

3

17575640

0

450120

3

39173745

4

31177360

2

11151225

2

90870424

4

73913360

0

85452321

3

72915496

2

349920

3

26769025

4

61819065

3

10466760

4

38147640

0

14118529

0

73679480

0

71807160

0

81421641

0

99864

0

20117784

0

38584

0

93960720

0

2079760

3

37570905

3

13845601

2

67021624

4

16443609

4

74308080

4

45976161

0

14340480

4

40617760

4

15959601

2

85836760

2

80263089

0

48693321

0

56621465

0

6102520

2

40

3

21538440

4

26524585

2

2115545

0

20792240

0

2797089

3

18979825

3

38857320

0

79795489

2

66715064

2

37570905

4

93679296

3

37673081

3

4902256

0

43448985

3

31280680

0

64837296

0

7847241

0

54373745

3

18815145

0

31864200

0

1220856

0

16834184

3

11058784

0

86009505

2

38584

4

39615921

4

14118529

0

54373745

0

23180760

3

76730544

0

9504

0

4398640

3

4478760

3

6619240

2

54273040

0

90353585

0

11631241

0

652120

3

39698489

4

55810449

0

62167841

0

35490520

2

27477465

2

11631241

4

20769

2

7714824

2

87715696

0

34425

3

51456720

0

87126920

3

47493385

3

70904529

0

94016105

2

19281400

0

278409

2

20318129

2

99663825

0

1498680

2

12223120

0

4080384

0

66702969

3

70720

0

16937305

0

21681345

0

41598616

0

46704945

0

56651616

0

82427600

0

32189425

0

45731385

0

46396705

0

97319480

0

47169745

2

19554465

0

50221080

0

19010889

3

54988440

2

13681521

0

20117784

0

544896

3

41066025

2

12499680

3

33609305

3

45731385

4

19830096

0

14340480

0

46943720

0

2438424

2

99864

0

56621465

0

42367656

2

1075761

2

9504

2

49708329

2

58340745

4

65040881

0

91636545

0

680961

2

7022384

0

804825

2

29351736

4

32446401

0

39817000

2

16200400

0

9624720

0

71674905

3

3797625

0

1845504

0

53041

0

34489625

0

36456985

0

5327376

4

12216320

3

51456720

3

23965080

0

73913360

0

4687320

2

67109105

4

78042065

2

60166216

2

46216456

3

2438424

4

1350760

4

4478760

3

11247465

2

3616569

0

97657544

0

28686785

3

47070225

0

13984256

2

3890376

3

1498680

0

54988440

4

24280641

4

95730920

3

55823720

0

84724800

4

63225545

0

41347704

0

3650360

4

71674905

4

1991240

3

38857320

4

81571745

4

89196865

0

58066089

2

9898921

0

15251544

2

80699960

0

23034825

3

53909209

3

294840

2

14118529

0

27932056

0

90870424

0

13139505

0

24040665

2

804825

3

22428225

0

59482720

4

51396929

0

67862625

4

77907825

4

4582249

0

5265

3

52147560

0

6727201

2

44721585

0

8324840

0

47493385

0

87889376

3

10274065

0

99864

4

6102520

0

98011185

2

8081465

3

8751440

0

67951184

2

65572745

4

53909401

0

98011185

0

90371705

0

9276985

2

99695841

3

17373225

2

79629185

0

16689240

0

6461385

0

37917840

2

6870320

0

30366576

0

28285929

4

28686785

2

87187960

0

99159560

0

6496

2

52147560

3

2061961

0

93193560

0

77114025

3

12297560

0

99663825

3

93193560

0

47196864

0

46216456

0

23180760

0

42892065

3

19791280

0

28400241

2

66164120

2

29351736

0

8476489

4

19010889

0

88597705

4

80588880

4

146329

3

48012064

0

76707505

4

79648185

2

3797625

2

94362240

0

41385960

0

67021624

4

47493385

0

49708329

3

91907160

3

19281400

0

23197600

0

99535905

0

19574080

0

83865984

0

3042185

0

91907160

2

15721200

2

98011185

4

27025

0

30366576

2

79326320

2

10274065

3

216

2

27936480

3

27882425

0

75077856

0

57305280

3

16834184

0

27839201

3

51363800

3

11631241

0

14636776

3

91945

0

31864200

0

7568185

2

710640

0

76270361

0

63484360

2

38683320

4

79326320

0

97007889

0

26905425

2

64435656

4

6496

4

22348976

3

34671824

0

4557585

4

63589385

2

20117784

0

76270361

0

71370681

0

19791280

0

29763865

0

99663825

4

76149320

0

32709105

4

6331144

2

14340480

0

23877121

3

75667080

0

63164385

0

4471249

0

71328265

2

8735480

2

94807496

3

23180760

2

21424640

3

306816

0

216

3

49040160

4

7188905

4

71811440

0

42662144

0

2171305

3

30764464

2

22033464

0

6331144

0

6593400

0

30443985

0

27025

2

30532984

0

67109105

2

53349776

4

4276480

0

3028296

0

97921105

0

94807496

2

5351640

4

77372881

4

5468121

3

30076944

0

61819065

0

27932056

4

46704945

2

37841665

2

3797625

0

624

4

41972425

2

22336960

0

4582249

0

24403161

0

3616569

0

77171320

0

41385960

2

5986536

0

52837785

0

43448985

0

710640

2

1264545

3

25900056

0

27882425

3

88597705

0

84319289

0

93193560

0

66177105

4

4177665

0

46529785

0

29483600

4

4793985

4

29712865

4

10147169

0

34671824

0

4178264

3

5236825

0

65143480

2

23342184

2

58481225

2

52759009

3

11826360

2

63008505

4

39557785

2

79648185

2

29345345

0

82427600

2

71807160

0

61592416

0

82723065

2

8956696

3

64169185

0

16484929

2

8320320

4

89428785

2

43808705

3

76270361

0

906984

0

93193560

3

16542664

4

81421641

4

2050200

2

47070225

4

81421641

2

8476489

2

21241680

3

71807160

0

96724080

2

83219360

0

20318129

4

24983144

2

262600

4

57722280

2

23760

4

94950665

2

1355025

0

25243920

2

9120705

0

94459481

2

49951009

3

75667080

4

33882624

0

46561985

4

96724080

3

38425305

3

10466760

0

78579240

4

83219360

0

87103809

0

33882624

0

58481225

4

58066089

4

55323520

4

4080384

0

63164385

2

50123969

0

52899665

4

28285929

4

13097985

4

47196864

0

52766176

4

4557585

2

63225545

4

85523256

3

87848640

3

46943720

0

9624720

0

62051800

3

21379889

4

71113680

3

81421641

2

37589584

0

58473825

0

36729265

0

81714040

0

21261600

3

33105944

3

44848704

2

6075936

2

9970840

4

34671824

0

11886344

0

92334784

3

4200

0

61819065

0

87103809

4

67853545

4

47070225

3

85865865

0

21681345

0

4486625

0

12216320

3

10408721

4

98998001

2

28686785

4

84894600

0

16702880

2

70904529

3

80830985

3

8751440

2

24983144

0

93934849

0

7876665

2

85550625

0

93934849

2

3984625

0

18815145

2

97472041

2

83219360

3

53909401

2

26567464

3

22348976

3

87187960

3

47692225

0

59482720

4

9

2

9

3

95531800

4

97921105

0

36456985

4

92966049

0

94950665

0

64213105

3

45976161

0

49058840

3

33488385

2

27201600

0

9598841

0

6461385

2

41260144

4

18667129

2

35667345

4

1095849

4

38788905

4

14113145

4

85550625

0

3189304

2

89200080

3

7423416

3

43186001

0

86532185

3

